#Bubble Diameter:0.030290317696018636 m 
#Pressure:1.372e+05 Pa 
#Bubble Volume:1.7267347908115402e-05 m3 
kr:4.6e+19
rb:8.8e+16
sr:7.2e+14
zr:1.8e-01
ru:3.3e-03
te:1.6e+19
i:3.7e+19
xe:3.6e+19
cs:8.9e+16
ba:5.0e+13
la:6.3e+04
ce:1.0e+05
u:2.9e+01
pu:4.3e+06
